  49.3  66.62  28.586 	99.0		72.5 55.8

83.5	 88.2	97.2    55.3 64.5 52.6 104.8 -5.5 76.2 -55.2  81.3 63.78 63.4
54.7 73.4 62.4 65.0 53.4 88.2 -6000.0 72.3 23.4 43.65 63.4 -6000.0 -6000.0 -6000.0
-6000.0 -6000.0  -6000.0 -6000.0  -6000.0  -6000.00 -6000.0 -6000.0
	72.3 74.1 -6000.0 61.2 -6000.0 63.6 23.4 64.2 65.1 67.2 76.3 72.4 33.1 17.8
 18.6 23.6 68.3 -6000.0 85.2 75.2 82.1 56.8 98.4 61.3 74.1 87.5 53.4
17.9 104.6 91.6 38.5 84.6 86.7 98.6 -6000.0 -6000.0 93.6 71.4 74.5 56.7 81.3
85.3 64.66 75.1 78.5 81.4 75.4 78.2 71.4 85.3 61.1 63.4 81.2 58.6 100.0 50.0 77.8
56.3 61.3 58.9 34.6 61.7 63.5 21.4 88.7 84.2 51.6 87.9 99.2 98.4 4.4 44.4
